#   N    Z    A     X             Y        
    0    1    1   3.71081E-08   3.71081E-08
    1    1    2   3.21065E-12   1.60532E-12
    1    2    3   2.22573E-15   7.41910E-16
    2    2    4   6.07704E-01   1.51926E-01
    3    3    6   1.61889E-16   2.69815E-17
    4    3    7   1.59149E-14   2.27355E-15
    5    4    9   2.92708E-14   3.25231E-15
    5    5   10   7.88995E-19   7.88995E-20
    6    5   11   1.40487E-14   1.27716E-15
    6    6   12   3.47473E-06   2.89561E-07
    7    6   13   3.60439E-09   2.77261E-10
    7    7   14   1.47649E-13   1.05464E-14
    8    7   15   1.90280E-15   1.26853E-16
    8    8   16   1.67789E-07   1.04868E-08
    9    8   17   2.18559E-13   1.28564E-14
   10    8   18   1.73425E-14   9.63470E-16
   10    9   19   1.07720E-15   5.66946E-17
   10   10   20   2.10410E-07   1.05205E-08
   11   10   21   2.30556E-09   1.09789E-10
   12   10   22   1.38068E-11   6.27581E-13
   12   11   23   3.29920E-11   1.43444E-12
   12   12   24   3.00846E-07   1.25352E-08
   13   12   25   3.75677E-08   1.50271E-09
   14   12   26   1.85962E-08   7.15237E-10
   14   13   27   1.11222E-08   4.11934E-10
   14   14   28   4.00890E-07   1.43175E-08
   15   14   29   1.37741E-07   4.74968E-09
   16   14   30   1.48200E-07   4.93999E-09
   16   15   31   3.40690E-07   1.09900E-08
   16   16   32   6.12306E-07   1.91346E-08
   17   16   33   2.66314E-07   8.07012E-09
   18   16   34   4.68316E-07   1.37740E-08
   20   16   36   7.71139E-07   2.14205E-08
   18   17   35   2.28139E-07   6.51827E-09
   20   17   37   5.10209E-07   1.37894E-08
   18   18   36   2.32382E-11   6.45505E-13
   20   18   38   5.50528E-07   1.44876E-08
   22   18   40   1.77556E-06   4.43889E-08
   20   19   39   2.06799E-07   5.30254E-09
   21   19   40   2.34056E-14   5.85140E-16
   22   19   41   2.86167E-07   6.97967E-09
   20   20   40   3.25377E-16   8.13443E-18
   22   20   42   4.47702E-06   1.06596E-07
   23   20   43   1.83304E-07   4.26289E-09
   24   20   44   4.56188E-07   1.03679E-08
   26   20   46   7.50464E-07   1.63144E-08
   28   20   48   2.06490E-05   4.30187E-07
   24   21   45   3.59108E-07   7.98018E-09
   24   22   46   3.90815E-18   8.49598E-20
   25   22   47   1.20596E-06   2.56587E-08
   26   22   48   3.32569E-13   6.92853E-15
   27   22   49   1.32427E-06   2.70260E-08
   28   22   50   4.90178E-06   9.80356E-08
   27   23   50   1.09630E-20   2.19261E-22
   28   23   51   3.06222E-05   6.00435E-07
   26   24   50   2.14404E-22   4.28808E-24
   28   24   52   7.22194E-05   1.38883E-06
   29   24   53   1.35931E-06   2.56473E-08
   30   24   54   4.33581E-07   8.02927E-09
   30   25   55   1.75804E-07   3.19643E-09
   28   26   54   1.16881E-21   2.16447E-23
   30   26   56   1.77487E-04   3.16942E-06
   31   26   57   7.58817E-06   1.33126E-07
   32   26   58   1.41852E-05   2.44572E-07
   32   27   59   5.32435E-06   9.02433E-08
   30   28   58   3.70932E-22   6.39537E-24
   32   28   60   9.97843E-07   1.66307E-08
   33   28   61   5.87394E-06   9.62940E-08
   34   28   62   3.87790E-06   6.25467E-08
   36   28   64   4.21745E-04   6.58977E-06
   34   29   63   1.92261E-06   3.05177E-08
   36   29   65   2.94473E-05   4.53036E-07
   34   30   64   2.29797E-21   3.59058E-23
   36   30   66   3.29309E-06   4.98954E-08
   37   30   67   2.88693E-05   4.30884E-07
   38   30   68   5.85314E-05   8.60756E-07
   40   30   70   6.21987E-04   8.88554E-06
   38   31   69   2.22019E-05   3.21766E-07
   40   31   71   5.08939E-05   7.16815E-07
   38   32   70   1.44274E-21   2.06106E-23
   40   32   72   2.45341E-04   3.40751E-06
   41   32   73   6.24394E-05   8.55335E-07
   42   32   74   1.82378E-05   2.46457E-07
   44   32   76   1.62066E-04   2.13244E-06
   42   33   75   1.75800E-05   2.34399E-07
   40   34   74   5.61172E-22   7.58340E-24
   42   34   76   2.36221E-21   3.10818E-23
   43   34   77   3.49900E-05   4.54416E-07
   44   34   78   1.68452E-03   2.15964E-05
   46   34   80   3.13035E-03   3.91293E-05
   48   34   82   1.88650E-03   2.30061E-05
   44   35   79   1.00128E-04   1.26745E-06
   46   35   81   3.43162E-04   4.23656E-06
   42   36   78   3.65641E-22   4.68770E-24
   44   36   80   8.23725E-22   1.02966E-23
   46   36   82   3.89085E-21   4.74494E-23
   47   36   83   9.25956E-05   1.11561E-06
   48   36   84   3.03474E-03   3.61278E-05
   50   36   86   7.25395E-05   8.43482E-07
   48   37   85   4.68700E-04   5.51412E-06
   50   37   87   1.32214E-04   1.51970E-06
   46   38   84   5.69515E-22   6.77994E-24
   48   38   86   2.69160E-21   3.12977E-23
   49   38   87   2.23268E-21   2.56630E-23
   50   38   88   1.35940E-02   1.54477E-04
   50   39   89   5.27772E-04   5.93002E-06
   50   40   90   3.46611E-03   3.85123E-05
   51   40   91   4.27351E-03   4.69617E-05
   52   40   92   4.54479E-04   4.93999E-06
   54   40   94   9.29501E-03   9.88831E-05
   56   40   96   7.29722E-02   7.60127E-04
   52   41   93   7.32254E-04   7.87370E-06
   50   42   92   3.36531E-22   3.65794E-24
   52   42   94   3.45711E-22   3.67777E-24
   53   42   95   3.03499E-02   3.19472E-04
   54   42   96   3.33136E-07   3.47016E-09
   55   42   97   1.21524E-02   1.25282E-04
   56   42   98   7.28794E-03   7.43668E-05
   58   42  100   1.98233E-02   1.98233E-04
   52   44   96   2.84989E-23   2.96864E-25
   54   44   98   3.45384E-23   3.52433E-25
   55   44   99   9.08786E-03   9.17966E-05
   56   44  100   4.10505E-19   4.10505E-21
   57   44  101   1.40328E-02   1.38939E-04
   58   44  102   7.21925E-02   7.07770E-04
   60   44  104   6.62004E-03   6.36542E-05
   58   45  103   3.55225E-02   3.44879E-04
   56   46  102   2.83027E-28   2.77477E-30
   58   46  104   6.28845E-23   6.04659E-25
   59   46  105   1.52423E-02   1.45164E-04
   60   46  106   6.28031E-03   5.92482E-05
   62   46  108   2.56080E-02   2.37111E-04
   64   46  110   1.24154E-03   1.12867E-05
   60   47  107   4.78359E-03   4.47065E-05
   62   47  109   6.69916E-03   6.14602E-05
   58   48  106   2.41648E-27   2.27970E-29
   60   48  108   3.97060E-24   3.67649E-26
   62   48  110   9.48301E-22   8.62092E-24
   63   48  111   2.43632E-03   2.19488E-05
   64   48  112   3.34222E-03   2.98413E-05
   65   48  113   3.31037E-04   2.92953E-06
   66   48  114   6.14658E-05   5.39174E-07
   68   48  116   6.38375E-05   5.50323E-07
   64   49  113   1.05122E-23   9.30280E-26
   66   49  115   6.34761E-05   5.51966E-07
   62   50  112   0.00000E+00   0.00000E+00
   64   50  114   4.94939E-24   4.34157E-26
   65   50  115   2.24005E-24   1.94787E-26
   66   50  116   2.79146E-22   2.40643E-24
   67   50  117   1.61550E-04   1.38077E-06
   68   50  118   5.94186E-05   5.03547E-07
   69   50  119   4.73284E-05   3.97718E-07
   70   50  120   6.62492E-05   5.52077E-07
   72   50  122   4.53024E-05   3.71331E-07
   74   50  124   3.81759E-05   3.07870E-07
   70   51  121   2.90948E-05   2.40453E-07
   72   51  123   1.87377E-05   1.52339E-07
   68   52  120   4.56694E-26   3.80578E-28
   70   52  122   7.89601E-24   6.47214E-26
   71   52  123   5.92156E-24   4.81428E-26
   72   52  124   1.87138E-22   1.50918E-24
   73   52  125   3.22732E-05   2.58186E-07
   74   52  126   7.21083E-05   5.72288E-07
   76   52  128   3.14488E-05   2.45694E-07
   78   52  130   5.05576E-07   3.88904E-09
   74   53  127   6.16155E-05   4.85161E-07
   70   54  124   0.00000E+00   0.00000E+00
   72   54  126   1.78733E-24   1.41852E-26
   74   54  128   5.07429E-23   3.96429E-25
   75   54  129   3.37015E-06   2.61252E-08
   76   54  130   2.99038E-22   2.30029E-24
   77   54  131   3.07950E-08   2.35076E-10
   78   54  132   1.82034E-09   1.37904E-11
   80   54  134   3.58844E-12   2.67794E-14
   82   54  136   1.19412E-13   8.78033E-16
   78   55  133   3.23467E-11   2.43208E-13
   74   56  130   0.00000E+00   0.00000E+00
   76   56  132   4.81935E-28   3.65102E-30
   78   56  134   1.73296E-22   1.29325E-24
   79   56  135   7.11222E-14   5.26831E-16
   80   56  136   2.30856E-22   1.69747E-24
   81   56  137   4.84647E-14   3.53757E-16
   82   56  138   3.15869E-15   2.28890E-17
   81   57  138   2.84133E-24   2.05893E-26
   82   57  139   1.34514E-14   9.67726E-17
   78   58  136   0.00000E+00   0.00000E+00
   80   58  138   6.79513E-22   4.92400E-24
   82   58  140   8.72374E-16   6.23124E-18
   84   58  142   5.56025E-16   3.91567E-18
   82   59  141   5.08282E-17   3.60484E-19
   82   60  142   0.00000E+00   0.00000E+00
   83   60  143   4.75140E-17   3.32266E-19
   84   60  144   8.27796E-18   5.74858E-20
   85   60  145   1.68048E-17   1.15895E-19
   86   60  146   4.63034E-18   3.17146E-20
   88   60  148   2.04833E-17   1.38401E-19
   90   60  150   1.02137E-17   6.80914E-20
   82   62  144   0.00000E+00   0.00000E+00
   85   62  147   9.11386E-18   6.19990E-20
   86   62  148   2.23256E-24   1.50849E-26
   87   62  149   3.10360E-18   2.08295E-20
   88   62  150   9.71390E-25   6.47593E-27
   90   62  152   4.49265E-18   2.95569E-20
   92   62  154   1.30543E-17   8.47683E-20
   88   63  151   9.48507E-18   6.28150E-20
   90   63  153   6.81407E-18   4.45364E-20
   88   64  152   0.00000E+00   0.00000E+00
   90   64  154   5.85243E-22   3.80028E-24
   91   64  155   2.91232E-18   1.87891E-20
   92   64  156   8.54028E-18   5.47454E-20
   93   64  157   2.09868E-17   1.33674E-19
   94   64  158   9.67417E-17   6.12289E-19
   96   64  160   5.36134E-15   3.35084E-17
   94   65  159   5.42604E-17   3.41260E-19
   90   66  156   0.00000E+00   0.00000E+00
   92   66  158   9.61840E-24   6.08760E-26
   94   66  160   1.22344E-22   7.64651E-25
   95   66  161   1.49580E-15   9.29066E-18
   96   66  162   5.61091E-15   3.46352E-17
   97   66  163   1.05420E-14   6.46749E-17
   98   66  164   5.64758E-14   3.44365E-16
   98   67  165   5.14010E-15   3.11521E-17
   94   68  162   1.57385E-26   9.71513E-29
   96   68  164   5.43042E-23   3.31123E-25
   98   68  166   1.09403E-14   6.59052E-17
   99   68  167   1.47471E-14   8.83062E-17
  100   68  168   4.81810E-15   2.86792E-17
  102   68  170   2.72217E-14   1.60127E-16
  100   69  169   2.17236E-15   1.28542E-17
   98   70  168   3.84628E-25   2.28945E-27
  100   70  170   6.01363E-23   3.53743E-25
  101   70  171   4.13032E-15   2.41539E-17
  102   70  172   8.86119E-15   5.15185E-17
  103   70  173   9.79696E-15   5.66298E-17
  104   70  174   8.52786E-15   4.90107E-17
  106   70  176   3.99368E-14   2.26913E-16
  104   71  175   4.35268E-15   2.48725E-17
  105   71  176   0.00000E+00   0.00000E+00
  102   72  174   0.00000E+00   0.00000E+00
  104   72  176   0.00000E+00   0.00000E+00
  105   72  177   6.90882E-15   3.90329E-17
  106   72  178   6.13822E-15   3.44844E-17
  107   72  179   7.37756E-15   4.12154E-17
  108   72  180   5.49731E-15   3.05406E-17
  107   73  180   0.00000E+00   0.00000E+00
  108   73  181   3.80191E-15   2.10050E-17
  106   74  180   0.00000E+00   0.00000E+00
  108   74  182   2.93481E-14   1.61254E-16
  109   74  183   3.29444E-15   1.80024E-17
  110   74  184   1.83147E-15   9.95365E-18
  112   74  186   1.29830E-14   6.98009E-17
  110   75  185   9.18841E-16   4.96671E-18
  112   75  187   1.94005E-15   1.03746E-17
  108   76  184   0.00000E+00   0.00000E+00
  110   76  186   5.35849E-28   2.88091E-30
  111   76  187   0.00000E+00   0.00000E+00
  112   76  188   3.68273E-15   1.95890E-17
  113   76  189   5.66323E-16   2.99642E-18
  114   76  190   3.92031E-15   2.06332E-17
  116   76  192   3.42153E-16   1.78205E-18
  114   77  191   5.06186E-16   2.65019E-18
  116   77  193   9.85063E-17   5.10395E-19
  112   78  190   0.00000E+00   0.00000E+00
  114   78  192   0.00000E+00   0.00000E+00
  116   78  194   1.38139E-16   7.12058E-19
  117   78  195   4.73827E-16   2.42988E-18
  118   78  196   2.41300E-16   1.23112E-18
  120   78  198   2.08344E-16   1.05224E-18
  118   79  197   1.50439E-16   7.63648E-19
  116   80  196   0.00000E+00   0.00000E+00
  118   80  198   5.64548E-28   2.85125E-30
  119   80  199   9.85775E-16   4.95364E-18
  120   80  200   2.76570E-15   1.38285E-17
  121   80  201   2.79717E-15   1.39163E-17
  122   80  202   1.01688E-13   5.03408E-16
  124   80  204   6.70180E-13   3.28520E-15
  122   81  203   1.20503E-13   5.93611E-16
  124   81  205   2.14781E-13   1.04771E-15
  122   82  204   0.00000E+00   0.00000E+00
  124   82  206   1.03197E-12   5.00955E-15
  125   82  207   2.63361E-13   1.27228E-15
  126   82  208   1.00846E-12   4.84834E-15
  126   83  209   4.66084E-13   2.23007E-15
  142   90  232   9.51352E-21   4.10066E-23
  143   92  235   1.14173E-20   4.85844E-23
  146   92  238   8.21655E-20   3.45233E-22
