#   N    Z    A     X             Y       
    0    1    1   1.18946E-01   1.18946E-01
    1    1    2   1.34356E-05   6.71782E-06
    1    2    3   2.47247E-05   8.24155E-06
    2    2    4   2.79110E-01   6.97774E-02
    3    3    6   3.61651E-12   6.02752E-13
    4    3    7   7.54164E-18   1.07738E-18
    5    4    9   3.73194E-21   4.14660E-22
    5    5   10   2.09225E-18   2.09225E-19
    6    5   11   1.80734E-11   1.64304E-12
    6    6   12   1.06474E-08   8.87283E-10
    7    6   13   6.29786E-08   4.84451E-09
    7    7   14   1.07177E-06   7.65551E-08
    8    7   15   7.15006E-07   4.76671E-08
    8    8   16   3.98909E-06   2.49318E-07
    9    8   17   3.33036E-04   1.95904E-05
   10    8   18   2.55670E-05   1.42039E-06
   10    9   19   1.35191E-05   7.11534E-07
   10   10   20   9.21302E-05   4.60651E-06
   11   10   21   7.45710E-05   3.55100E-06
   12   10   22   5.61323E-05   2.55147E-06
   12   11   23   9.80148E-08   4.26151E-09
   12   12   24   1.78275E-07   7.42811E-09
   13   12   25   6.53620E-08   2.61448E-09
   14   12   26   1.92938E-07   7.42068E-09
   14   13   27   2.18497E-10   8.09247E-12
   14   14   28   1.47424E-09   5.26514E-11
   15   14   29   7.50070E-10   2.58645E-11
   16   14   30   1.12566E-08   3.75221E-10
   16   15   31   1.43000E-09   4.61289E-11
   16   16   32   8.87470E-09   2.77334E-10
   17   16   33   7.16035E-09   2.16980E-10
   18   16   34   2.99176E-07   8.79930E-09
   20   16   36   8.99206E-10   2.49779E-11
   18   17   35   9.61767E-09   2.74791E-10
   20   17   37   7.92826E-08   2.14277E-09
   18   18   36   0.00000E+00   0.00000E+00
   20   18   38   2.88829E-08   7.60075E-10
   22   18   40   5.25525E-09   1.31381E-10
   20   19   39   4.73846E-08   1.21499E-09
   21   19   40   0.00000E+00   0.00000E+00
   22   19   41   2.96012E-09   7.21980E-11
   20   20   40   0.00000E+00   0.00000E+00
   22   20   42   8.44992E-05   2.01188E-06
   23   20   43   3.57717E-05   8.31901E-07
   24   20   44   3.66707E-06   8.33424E-08
   26   20   46   2.52258E-05   5.48386E-07
   28   20   48   1.99654E-05   4.15946E-07
   24   21   45   5.80200E-07   1.28933E-08
   24   22   46   0.00000E+00   0.00000E+00
   25   22   47   1.96830E-06   4.18787E-08
   26   22   48   0.00000E+00   0.00000E+00
   27   22   49   7.01208E-06   1.43104E-07
   28   22   50   4.65059E-06   9.30117E-08
   27   23   50   0.00000E+00   0.00000E+00
   28   23   51   1.17801E-05   2.30983E-07
   26   24   50   0.00000E+00   0.00000E+00
   28   24   52   4.97422E-05   9.56580E-07
   29   24   53   4.52680E-06   8.54113E-08
   30   24   54   1.44762E-06   2.68078E-08
   30   25   55   1.07790E-05   1.95981E-07
   28   26   54   0.00000E+00   0.00000E+00
   30   26   56   4.05731E-05   7.24519E-07
   31   26   57   4.71932E-07   8.27951E-09
   32   26   58   1.68880E-05   2.91173E-07
   32   27   59   1.11761E-06   1.89425E-08
   30   28   58   0.00000E+00   0.00000E+00
   32   28   60   2.16288E-06   3.60480E-08
   33   28   61   1.39322E-05   2.28397E-07
   34   28   62   4.40164E-05   7.09942E-07
   36   28   64   1.13576E-05   1.77463E-07
   34   29   63   1.90231E-06   3.01955E-08
   36   29   65   8.28029E-07   1.27389E-08
   34   30   64   0.00000E+00   0.00000E+00
   36   30   66   2.36865E-06   3.58887E-08
   37   30   67   2.20776E-06   3.29516E-08
   38   30   68   1.12881E-06   1.66002E-08
   40   30   70   2.49188E-05   3.55982E-07
   38   31   69   8.84364E-06   1.28169E-07
   40   31   71   8.95380E-06   1.26110E-07
   38   32   70   0.00000E+00   0.00000E+00
   40   32   72   3.59014E-05   4.98630E-07
   41   32   73   6.64612E-06   9.10427E-08
   42   32   74   1.14762E-05   1.55084E-07
   44   32   76   6.15468E-04   8.09827E-06
   42   33   75   4.68878E-05   6.25171E-07
   40   34   74   0.00000E+00   0.00000E+00
   42   34   76   0.00000E+00   0.00000E+00
   43   34   77   6.26325E-05   8.13409E-07
   44   34   78   1.89494E-04   2.42941E-06
   46   34   80   3.27455E-03   4.09318E-05
   48   34   82   6.08654E-04   7.42261E-06
   44   35   79   7.77603E-05   9.84308E-07
   46   35   81   3.59982E-05   4.44422E-07
   42   36   78   0.00000E+00   0.00000E+00
   44   36   80   0.00000E+00   0.00000E+00
   46   36   82   0.00000E+00   0.00000E+00
   47   36   83   1.16138E-04   1.39925E-06
   48   36   84   3.74562E-05   4.45907E-07
   50   36   86   6.13420E-04   7.13279E-06
   48   37   85   4.00243E-04   4.70874E-06
   50   37   87   3.69891E-05   4.25162E-07
   46   38   84   0.00000E+00   0.00000E+00
   48   38   86   0.00000E+00   0.00000E+00
   49   38   87   0.00000E+00   0.00000E+00
   50   38   88   8.14506E-05   9.25575E-07
   50   39   89   6.12446E-05   6.88142E-07
   50   40   90   2.90880E-05   3.23200E-07
   51   40   91   4.35904E-05   4.79015E-07
   52   40   92   4.11861E-05   4.47675E-07
   54   40   94   2.76119E-04   2.93744E-06
   56   40   96   1.05691E-04   1.10095E-06
   52   41   93   6.60970E-05   7.10720E-07
   50   42   92   0.00000E+00   0.00000E+00
   52   42   94   0.00000E+00   0.00000E+00
   53   42   95   4.11688E-05   4.33356E-07
   54   42   96   0.00000E+00   0.00000E+00
   55   42   97   2.83266E-05   2.92027E-07
   56   42   98   1.48409E-05   1.51438E-07
   58   42  100   3.41916E-05   3.41916E-07
   52   44   96   0.00000E+00   0.00000E+00
   54   44   98   0.00000E+00   0.00000E+00
   55   44   99   2.88668E-05   2.91584E-07
   56   44  100   0.00000E+00   0.00000E+00
   57   44  101   6.35178E-05   6.28889E-07
   58   44  102   7.34229E-05   7.19833E-07
   60   44  104   1.16818E-04   1.12325E-06
   58   45  103   7.33235E-05   7.11878E-07
   56   46  102   0.00000E+00   0.00000E+00
   58   46  104   0.00000E+00   0.00000E+00
   59   46  105   7.53747E-05   7.17854E-07
   60   46  106   1.26384E-04   1.19230E-06
   62   46  108   2.47039E-04   2.28740E-06
   64   46  110   9.18445E-05   8.34950E-07
   60   47  107   8.68636E-05   8.11809E-07
   62   47  109   1.91368E-04   1.75567E-06
   58   48  106   0.00000E+00   0.00000E+00
   60   48  108   0.00000E+00   0.00000E+00
   62   48  110   0.00000E+00   0.00000E+00
   63   48  111   5.38246E-05   4.84906E-07
   64   48  112   2.27526E-05   2.03148E-07
   65   48  113   2.93806E-05   2.60005E-07
   66   48  114   5.53183E-05   4.85249E-07
   68   48  116   1.12406E-04   9.69017E-07
   64   49  113   0.00000E+00   0.00000E+00
   66   49  115   4.29191E-05   3.73209E-07
   62   50  112   0.00000E+00   0.00000E+00
   64   50  114   0.00000E+00   0.00000E+00
   65   50  115   0.00000E+00   0.00000E+00
   66   50  116   0.00000E+00   0.00000E+00
   67   50  117   2.22311E-05   1.90010E-07
   68   50  118   2.57235E-05   2.17996E-07
   69   50  119   2.93779E-05   2.46873E-07
   70   50  120   7.65969E-05   6.38307E-07
   72   50  122   3.00544E-04   2.46347E-06
   74   50  124   9.03800E-04   7.28871E-06
   70   51  121   4.51696E-04   3.73302E-06
   72   51  123   4.70342E-04   3.82392E-06
   68   52  120   0.00000E+00   0.00000E+00
   70   52  122   0.00000E+00   0.00000E+00
   71   52  123   0.00000E+00   0.00000E+00
   72   52  124   0.00000E+00   0.00000E+00
   73   52  125   6.09701E-04   4.87761E-06
   74   52  126   1.35210E-03   1.07309E-05
   76   52  128   1.79281E-03   1.40064E-05
   78   52  130   9.37163E-04   7.20895E-06
   74   53  127   4.51847E-04   3.55785E-06
   70   54  124   0.00000E+00   0.00000E+00
   72   54  126   0.00000E+00   0.00000E+00
   74   54  128   0.00000E+00   0.00000E+00
   75   54  129   8.58674E-04   6.65639E-06
   76   54  130   0.00000E+00   0.00000E+00
   77   54  131   1.10532E-03   8.43759E-06
   78   54  132   1.17266E-01   8.88379E-04
   80   54  134   8.40012E-03   6.26874E-05
   82   54  136   2.47258E-01   1.81807E-03
   78   55  133   7.71454E-02   5.80040E-04
   74   56  130   0.00000E+00   0.00000E+00
   76   56  132   0.00000E+00   0.00000E+00
   78   56  134   0.00000E+00   0.00000E+00
   79   56  135   1.00966E-03   7.47897E-06
   80   56  136   0.00000E+00   0.00000E+00
   81   56  137   1.00022E-02   7.30086E-05
   82   56  138   4.25963E-04   3.08669E-06
   81   57  138   0.00000E+00   0.00000E+00
   82   57  139   4.32386E-03   3.11069E-05
   78   58  136   0.00000E+00   0.00000E+00
   80   58  138   0.00000E+00   0.00000E+00
   82   58  140   1.01017E-02   7.21550E-05
   84   58  142   9.62769E-03   6.78006E-05
   82   59  141   1.61521E-04   1.14554E-06
   82   60  142   0.00000E+00   0.00000E+00
   83   60  143   5.08081E-04   3.55301E-06
   84   60  144   3.81698E-04   2.65068E-06
   85   60  145   7.79495E-04   5.37583E-06
   86   60  146   5.94873E-04   4.07448E-06
   88   60  148   8.89259E-04   6.00851E-06
   90   60  150   2.58660E-03   1.72440E-05
   82   62  144   0.00000E+00   0.00000E+00
   85   62  147   1.00370E-03   6.82786E-06
   86   62  148   0.00000E+00   0.00000E+00
   87   62  149   1.59369E-03   1.06959E-05
   88   62  150   0.00000E+00   0.00000E+00
   90   62  152   1.21538E-03   7.99593E-06
   92   62  154   9.85740E-04   6.40091E-06
   88   63  151   1.29710E-03   8.59008E-06
   90   63  153   1.69388E-03   1.10711E-05
   88   64  152   0.00000E+00   0.00000E+00
   90   64  154   0.00000E+00   0.00000E+00
   91   64  155   2.05149E-03   1.32354E-05
   92   64  156   4.09945E-03   2.62785E-05
   93   64  157   1.56256E-03   9.95261E-06
   94   64  158   1.36336E-03   8.62884E-06
   96   64  160   1.61065E-03   1.00665E-05
   94   65  159   1.30180E-03   8.18741E-06
   90   66  156   0.00000E+00   0.00000E+00
   92   66  158   0.00000E+00   0.00000E+00
   94   66  160   0.00000E+00   0.00000E+00
   95   66  161   1.44737E-03   8.98990E-06
   96   66  162   1.91684E-03   1.18324E-05
   97   66  163   1.09332E-03   6.70750E-06
   98   66  164   1.87075E-03   1.14070E-05
   98   67  165   3.09094E-04   1.87330E-06
   94   68  162   0.00000E+00   0.00000E+00
   96   68  164   0.00000E+00   0.00000E+00
   98   68  166   4.98698E-04   3.00420E-06
   99   68  167   6.13660E-04   3.67461E-06
  100   68  168   8.83385E-04   5.25825E-06
  102   68  170   2.11349E-03   1.24323E-05
  100   69  169   9.25519E-04   5.47644E-06
   98   70  168   0.00000E+00   0.00000E+00
  100   70  170   0.00000E+00   0.00000E+00
  101   70  171   1.20659E-03   7.05606E-06
  102   70  172   1.66429E-03   9.67608E-06
  103   70  173   1.31683E-03   7.61176E-06
  104   70  174   9.23135E-04   5.30537E-06
  106   70  176   1.39031E-03   7.89947E-06
  104   71  175   9.06845E-04   5.18197E-06
  105   71  176   0.00000E+00   0.00000E+00
  102   72  174   0.00000E+00   0.00000E+00
  104   72  176   0.00000E+00   0.00000E+00
  105   72  177   6.70509E-04   3.78819E-06
  106   72  178   7.88386E-04   4.42914E-06
  107   72  179   2.94028E-04   1.64261E-06
  108   72  180   3.70439E-04   2.05799E-06
  107   73  180   0.00000E+00   0.00000E+00
  108   73  181   5.48439E-04   3.03005E-06
  106   74  180   0.00000E+00   0.00000E+00
  108   74  182   5.34170E-04   2.93500E-06
  109   74  183   1.38435E-03   7.56473E-06
  110   74  184   1.06098E-03   5.76619E-06
  112   74  186   3.06036E-03   1.64536E-05
  110   75  185   3.31657E-03   1.79274E-05
  112   75  187   4.90786E-03   2.62453E-05
  108   76  184   0.00000E+00   0.00000E+00
  110   76  186   0.00000E+00   0.00000E+00
  111   76  187   0.00000E+00   0.00000E+00
  112   76  188   4.58903E-03   2.44098E-05
  113   76  189   6.37276E-03   3.37183E-05
  114   76  190   6.40058E-03   3.36873E-05
  116   76  192   6.34539E-03   3.30489E-05
  114   77  191   5.40427E-03   2.82946E-05
  116   77  193   1.26010E-03   6.52901E-06
  112   78  190   0.00000E+00   0.00000E+00
  114   78  192   0.00000E+00   0.00000E+00
  116   78  194   1.18495E-03   6.10799E-06
  117   78  195   1.94058E-03   9.95170E-06
  118   78  196   1.10389E-03   5.63208E-06
  120   78  198   9.68917E-05   4.89352E-07
  118   79  197   2.15381E-04   1.09331E-06
  116   80  196   0.00000E+00   0.00000E+00
  118   80  198   0.00000E+00   0.00000E+00
  119   80  199   1.54746E-05   7.77616E-08
  120   80  200   1.33611E-05   6.68056E-08
  121   80  201   7.89161E-06   3.92617E-08
  122   80  202   5.08526E-06   2.51746E-08
  124   80  204   6.77524E-06   3.32120E-08
  122   81  203   9.01909E-06   4.44290E-08
  124   81  205   1.80527E-05   8.80620E-08
  122   82  204   0.00000E+00   0.00000E+00
  124   82  206   1.56003E-05   7.57297E-08
  125   82  207   3.03153E-05   1.46451E-07
  126   82  208   1.73995E-05   8.36514E-08
  126   83  209   1.90085E-05   9.09496E-08
  142   90  232   1.36012E-05   5.86259E-08
  143   92  235   5.76357E-06   2.45258E-08
  146   92  238   1.83307E-06   7.70196E-09
